1001
2001
3001
4001
5001
6001
7001
8001
9001
10001
11001
12001
13001
14001
15001
16001
17001
18001
19001
20001
21001
21579
21579
[1, 1, 4, 4, 16, 16, 28, 28, 30, 44, 46, 46, 46, 46, 58, 58, 59, 59, 59, 59, 60, 69, 69, 69, 69, 69, 69, 69, 76, 77, 78, 79, 79, 80, 81, 81, 81, 81, 92, 94, 104, 109, 109, 109, 109, 109, 109, 109, 109, 109, 111, 111, 124, 124, 124, 124, 124, 124, 124, 137, 178, 180, 180, 180, 180, 181, 200, 203, 203, 203, 203, 203, 203, 209, 209, 219, 221, 221, 221, 221, 223, 223, 226, 228, 228, 228, 228, 236, 250, 250, 253, 263, 266, 269, 270, 273, 273, 273, 273, 278, 278, 278, 278, 296, 306, 309, 310, 319, 331, 340, 350, 353, 359, 362, 362, 382, 382, 386, 386, 386, 386, 419, 419, 419, 419, 429, 451, 458, 458, 458, 496, 516, 516, 540, 545, 564, 570, 597, 599, 627, 635, 660, 676, 684, 710, 710, 710, 710, 711, 711, 711, 711, 714, 714, 740, 740, 759, 759, 759, 768, 785, 808, 835, 843, 854, 854, 856, 862, 898, 898, 916, 916, 916, 925, 926, 926, 926, 926, 932, 932, 941, 942, 942, 942, 942, 959, 959, 965, 965, 974, 997, 1106, 1106, 1112, 1112, 1112, 1112, 1112, 1140, 1148, 1241, 1259, 1290, 1306, 1309, 1325, 1325, 1343, 1343, 1343, 1343, 1343, 1440, 1466, 1472, 1476, 1476, 1535, 1535, 1550, 1551, 1551, 1579, 1582, 1582, 1582, 1614, 1616, 1623, 1625, 1663, 1710, 1715, 1730, 1730, 1746, 1772, 1786, 1786, 1825, 1825, 1856, 1856, 1856, 1859, 1870, 1871, 1880, 1895, 1906, 1920, 1927, 1933, 1934, 1935, 1935, 1949, 1949, 1949, 1951, 1960, 1963, 1967, 1979, 1979, 2000, 2000, 2000, 2000, 2000, 2018, 2018, 2036, 2050, 2052, 2059, 2068, 2068, 2074, 2077, 2078, 2115, 2159, 2195, 2195, 2195, 2197, 2206, 2206, 2222, 2228, 2256, 2289, 2310, 2355, 2362, 2362, 2362, 2367, 2367, 2382, 2383, 2387, 2403, 2406, 2427, 2441, 2442, 2456, 2456, 2456, 2456, 2456, 2456, 2456, 2465, 2466, 2467, 2467, 2468, 2468, 2476, 2500, 2503, 2508, 2521, 2521, 2553, 2553, 2554, 2554, 2563, 2563, 2563, 2572, 2572, 2596, 2606, 2606, 2618, 2618, 2618, 2632, 2652, 2673, 2686, 2686, 2686, 2686, 2686, 2696, 2697, 2697, 2697, 2725, 2729, 2735, 2736, 2743, 2744, 2744, 2744, 2744, 2744, 2745, 2775, 2775, 2775, 2775, 2775, 2775, 2777, 2786, 2813, 2818, 2824, 2824, 2828, 2835, 2844, 2864, 2868, 2870, 2872, 2878, 2878, 2878, 2881, 2901, 2917, 2925, 2925, 2925, 2925, 2936, 2956, 2966, 2966, 2972, 2979, 2979, 2992, 2992, 2992, 3002, 3007, 3013, 3020, 3022, 3027, 3027, 3034, 3043, 3047, 3047, 3057, 3057, 3068, 3082, 3082, 3082, 3090, 3090, 3095, 3103, 3111, 3111, 3122, 3128, 3131, 3133, 3135, 3137, 3137, 3148, 3153, 3155, 3155, 3185, 3190, 3202, 3218, 3218, 3222, 3225, 3225, 3225, 3225, 3231, 3260, 3267, 3268, 3268, 3268, 3268, 3268, 3270, 3270, 3270, 3279, 3282, 3282, 3282, 3291, 3356, 3371, 3389, 3397, 3426, 3432, 3432, 3432, 3436, 3446, 3446, 3464, 3470, 3470, 3470, 3483, 3484, 3493, 3511, 3514, 3514, 3514, 3524, 3525, 3534, 3556, 3558, 3558, 3558, 3563, 3583, 3594, 3595, 3595, 3609, 3613, 3666, 3687, 3687, 3687, 3687, 3748, 3748, 3816, 3825, 3903, 3903, 3957, 3978, 3980, 3980, 3980, 3981, 3981, 3981, 3981, 3981, 3981, 3981, 3981, 3988, 3992, 4005, 4005, 4010, 4026, 4028, 4037, 4039, 4093, 4093, 4113, 4113, 4113, 4113, 4113, 4113, 4113, 4126, 4129, 4138, 4151, 4165, 4165, 4173, 4173, 4181, 4206, 4206, 4267, 4267, 4275, 4317, 4327, 4354, 4354, 4356, 4364, 4381, 4381, 4381, 4381, 4381, 4381, 4381, 4381, 4381, 4383, 4383, 4391, 4400, 4400, 4405, 4405, 4443, 4458, 4470, 4487, 4490, 4490, 4508, 4515, 4516, 4519, 4532, 4534, 4540, 4540, 4540, 4541, 4541, 4541, 4541, 4541, 4541, 4544, 4544, 4546, 4552, 4591, 4595, 4597, 4599, 4599, 4602, 4602, 4602, 4603, 4609, 4609, 4611, 4630, 4632, 4639, 4664, 4673, 4674, 4674, 4690, 4714, 4716, 4720, 4735, 4735, 4760, 4764, 4764, 4764, 4778, 4778, 4781, 4823, 4824, 4824, 4854, 4854, 4864, 4875, 4891, 4905, 4910, 4916, 4923, 4929, 4938, 4938, 4938, 4938, 4938, 4951, 4953, 4965, 4971, 4985, 4988, 4988, 4988, 5033, 5036, 5036, 5057, 5059, 5060, 5070, 5098, 5109, 5118, 5121, 5127, 5127, 5127, 5130, 5131, 5137, 5139, 5143, 5145, 5151, 5151, 5151, 5156, 5156, 5159, 5161, 5163, 5163, 5168, 5168, 5170, 5170, 5173, 5174, 5176, 5177, 5180, 5183, 5183, 5186, 5186, 5186, 5189, 5192, 5192, 5195, 5195, 5200, 5208, 5214, 5214, 5214, 5225, 5230, 5230, 5241, 5241, 5241, 5244, 5244, 5244, 5244, 5258, 5265, 5265, 5268, 5278, 5280, 5280, 5286, 5290, 5294, 5294, 5294, 5311, 5311, 5311, 5315, 5325, 5330, 5333, 5333, 5334, 5334, 5334, 5340, 5376, 5376, 5386, 5386, 5390, 5427, 5440, 5445, 5445, 5463, 5463, 5471, 5471, 5480, 5484, 5487, 5499, 5499, 5515, 5515, 5515, 5518, 5519, 5531, 5531, 5531, 5539, 5539, 5539, 5539, 5539, 5539, 5539, 5539, 5542, 5542, 5548, 5548, 5561, 5561, 5561, 5561, 5577, 5610, 5611, 5626, 5631, 5638, 5683, 5702, 5702, 5702, 5702, 5706, 5717, 5724, 5726, 5743, 5773, 5773, 5778, 5826, 5828, 5852, 5857, 5857, 5858, 5868, 5870, 5870, 5888, 5891, 5896, 5900, 5928, 5928, 5955, 5957, 5999, 6004, 6015, 6085, 6091, 6091, 6091, 6091, 6109, 6112, 6114, 6116, 6118, 6142, 6153, 6153, 6156, 6157, 6164, 6184, 6197, 6207, 6215, 6263, 6265, 6284, 6285, 6296, 6301, 6301, 6301, 6301, 6301, 6317, 6337, 6338, 6339, 6340, 6352, 6373, 6382, 6382, 6388, 6388, 6414, 6415, 6426, 6428, 6442, 6447, 6447, 6470, 6486, 6513, 6513, 6531, 6531, 6531, 6531, 6546, 6603, 6624, 6624, 6633, 6634, 6634, 6690, 6690, 6703, 6720, 6821, 6823, 6846, 6876, 6876, 6890, 6890, 6890, 6890, 6890, 6890, 6890, 6890, 6891, 6922, 6980, 6990, 6996, 6998, 7022, 7036, 7038, 7043, 7051, 7062, 7062, 7070, 7070, 7070, 7070, 7070, 7071, 7071, 7088, 7093, 7101, 7101, 7119, 7124, 7126, 7135, 7171, 7230, 7238, 7268, 7284, 7290, 7313, 7313, 7326, 7348, 7355, 7365, 7367, 7367, 7378, 7379, 7383, 7383, 7405, 7405, 7418, 7419, 7420, 7421, 7425, 7426, 7428, 7428, 7428, 7428, 7428, 7428, 7428, 7428, 7437, 7437, 7440, 7440, 7467, 7499, 7499, 7499, 7499, 7499, 7499, 7502, 7512, 7529, 7537, 7539, 7542, 7547, 7547, 7549, 7549, 7551, 7566, 7567, 7570, 7570, 7572, 7589, 7589, 7593, 7593, 7595, 7607, 7611, 7613, 7628, 7633, 7659, 7659, 7660, 7660, 7708, 7710, 7710, 7753, 7777, 7791, 7792, 7792, 7794, 7796, 7796, 7803, 7807, 7818, 7818, 7829, 7886, 7892, 7898, 7927, 7941, 7971, 7980, 8004, 8008, 8008, 8008, 8008, 8008, 8010, 8024, 8024, 8024, 8024, 8044, 8053, 8069, 8073, 8074, 8077, 8085, 8094, 8095, 8098, 8098, 8098, 8098, 8098, 8098, 8098, 8104, 8107, 8107, 8128, 8136, 8137, 8137, 8157, 8159, 8168, 8176, 8176, 8187, 8187, 8193, 8193, 8193, 8202, 8205, 8210, 8222, 8239, 8241, 8241, 8252, 8252, 8272, 8272, 8283, 8312, 8319, 8319, 8319, 8359, 8384, 8413, 8415, 8439, 8439, 8441, 8441, 8452, 8473, 8473, 8477, 8497, 8500, 8523, 8553, 8553, 8554, 8563, 8563, 8573, 8576, 8578, 8595, 8601, 8604, 8618, 8622, 8627, 8659, 8669, 8675, 8677, 8677, 8677, 8679, 8688, 8700, 8746, 8765, 8769, 8782, 8782, 8806, 8823, 8823, 8850, 8850, 8850, 8850, 8873, 8882, 8882, 8882, 8882, 8882, 8882, 8882, 8882, 8882, 8882, 8884, 8884, 8903, 8914, 8941, 8941, 8961, 9011, 9013, 9022, 9023, 9036, 9037, 9037, 9050, 9050, 9050, 9058, 9065, 9096, 9126, 9149, 9154, 9157, 9157, 9172, 9174, 9206, 9207, 9211, 9211, 9213, 9227, 9244, 9246, 9246, 9248, 9269, 9275, 9285, 9292, 9295, 9295, 9305, 9348, 9360, 9402, 9423, 9436, 9488, 9490, 9508, 9517, 9517, 9520, 9521, 9521, 9521, 9521, 9526, 9532, 9559, 9581, 9604, 9617, 9651, 9667, 9667, 9669, 9669, 9675, 9675, 9689, 9692, 9709, 9709, 9715, 9719, 9719, 9722, 9724, 9746, 9746, 9749, 9754, 9764, 9774, 9779, 9787, 9787, 9797, 9804, 9806, 9808, 9822, 9831, 9834, 9834, 9834, 9834, 9834, 9835, 9847, 9944, 9946, 9971, 9975, 10016, 10021, 10021, 10036, 10048, 10079, 10081, 10081, 10091, 10103, 10107, 10121, 10122, 10139, 10153, 10154, 10155, 10156, 10156, 10156, 10164, 10172, 10175, 10175, 10175, 10175, 10175, 10175, 10175, 10175, 10176, 10177, 10183, 10183, 10188, 10188, 10192, 10209, 10230, 10246, 10246, 10246, 10246, 10246, 10247, 10264, 10271, 10288, 10290, 10296, 10296, 10296, 10296, 10301, 10317, 10317, 10326, 10331, 10344, 10361, 10361, 10361, 10367, 10367, 10367, 10367, 10403, 10415, 10415, 10425, 10455, 10455, 10474, 10486, 10486, 10505, 10519, 10525, 10530, 10530, 10583, 10592, 10593, 10594, 10594, 10623, 10623, 10623, 10631, 10643, 10643, 10647, 10656, 10656, 10659, 10666, 10682, 10682, 10682, 10689, 10697, 10701, 10701, 10704, 10717, 10717, 10729, 10735, 10735, 10735, 10741, 10741, 10741, 10742, 10750, 10750, 10750, 10752, 10760, 10765, 10765, 10767, 10767, 10769, 10771, 10772, 10778, 10778, 10778, 10778, 10778, 10778, 10778, 10778, 10778, 10780, 10780, 10780, 10780, 10780, 10780, 10780, 10809, 10829, 10854, 10857, 10863, 10863, 10882, 10882, 10882, 10902, 10902, 10905, 10931, 10931, 10931, 10931, 10936, 10947, 10947, 10947, 10959, 10959, 10959, 10959, 10977, 10977, 10977, 10995, 10996, 10996, 10996, 11007, 11007, 11023, 11023, 11030, 11030, 11030, 11030, 11032, 11038, 11043, 11043, 11043, 11064, 11071, 11071, 11075, 11075, 11078, 11080, 11091, 11119, 11123, 11123, 11130, 11130, 11138, 11138, 11138, 11138, 11143, 11169, 11172, 11172, 11178, 11179, 11183, 11186, 11198, 11202, 11203, 11204, 11209, 11224, 11260, 11261, 11275, 11280, 11280, 11281, 11287, 11292, 11292, 11299, 11344, 11365, 11365, 11365, 11383, 11387, 11387, 11390, 11390, 11390, 11397, 11423, 11461, 11469, 11471, 11488, 11490, 11490, 11491, 11491, 11491, 11491, 11491, 11491, 11491, 11491, 11491, 11491, 11492, 11492, 11498, 11504, 11507, 11512, 11516, 11518, 11532, 11536, 11558, 11558, 11580, 11580, 11605, 11626, 11654, 11661, 11673, 11673, 11695, 11704, 11732, 11732, 11734, 11734, 11734, 11765, 11781, 11782, 11811, 11811, 11811, 11811, 11823, 11826, 11834, 11838, 11838, 11838, 11838, 11843, 11861, 11862, 11862, 11866, 11866, 11868, 11885, 11885, 11893, 11918, 11918, 11936, 11939, 11943, 11948, 11955, 11984, 12011, 12026, 12038, 12041, 12047, 12073, 12089, 12089, 12107, 12107, 12135, 12136, 12136, 12143, 12143, 12145, 12160, 12160, 12160, 12160, 12160, 12160, 12173, 12188, 12188, 12195, 12199, 12199, 12209, 12249, 12249, 12249, 12257, 12257, 12257, 12281, 12308, 12317, 12319, 12319, 12319, 12328, 12332, 12337, 12337, 12340, 12355, 12373, 12373, 12384, 12396, 12402, 12422, 12423, 12423, 12423, 12424, 12424, 12424, 12425, 12429, 12434, 12434, 12437, 12442, 12443, 12454, 12454, 12457, 12472, 12473, 12480, 12480, 12507, 12507, 12507, 12507, 12507, 12533, 12559, 12598, 12600, 12605, 12615, 12632, 12641, 12642, 12642, 12642, 12642, 12650, 12650, 12650, 12651, 12653, 12653, 12654, 12655, 12656, 12656, 12673, 12682, 12695, 12696, 12703, 12703, 12709, 12711, 12711, 12712, 12713, 12714, 12714, 12720, 12730, 12731, 12732, 12735, 12735, 12744, 12750, 12755, 12760, 12761, 12768, 12772, 12772, 12773, 12776, 12776, 12780, 12786, 12788, 12790, 12792, 12792, 12792, 12795, 12801, 12801, 12804, 12804, 12810, 12810, 12810, 12811, 12815, 12815, 12818, 12818, 12821, 12823, 12827, 12828, 12837, 12844, 12846, 12846, 12846, 12848, 12848, 12848, 12855, 12856, 12875, 12875, 12875, 12875, 12879, 12907, 12916, 12942, 12971, 13010, 13019, 13019, 13019, 13019, 13019, 13034, 13039, 13042, 13045, 13046, 13046, 13050, 13052, 13053, 13070, 13070, 13070, 13070, 13070, 13070, 13070, 13115, 13115, 13124, 13130, 13130, 13130, 13140, 13143, 13144, 13159, 13162, 13162, 13162, 13162, 13169, 13169, 13169, 13169, 13169, 13179, 13179, 13179, 13208, 13208, 13208, 13216, 13216, 13231, 13245, 13251, 13251, 13252, 13252, 13260, 13261, 13261, 13261, 13269, 13270, 13273, 13277, 13278, 13287, 13294, 13294, 13294, 13294, 13298, 13322, 13322, 13323, 13366, 13366, 13379, 13387, 13396, 13410, 13421, 13451, 13451, 13470, 13470, 13470, 13470, 13491, 13516, 13533, 13535, 13540, 13548, 13561, 13588, 13591, 13591, 13592, 13592, 13592, 13631, 13633, 13637, 13657, 13657, 13657, 13662, 13689, 13729, 13733, 13752, 13768, 13768, 13771, 13771, 13801, 13801, 13801, 13803, 13828, 13828, 13828, 13850, 13851, 13958, 13995, 14010, 14042, 14043, 14126, 14126, 14126, 14157, 14157, 14161, 14163, 14163, 14163, 14164, 14164, 14175, 14184, 14184, 14184, 14207, 14207, 14207, 14217, 14220, 14252, 14266, 14266, 14287, 14289, 14289, 14293, 14293, 14297, 14301, 14331, 14340, 14342, 14342, 14343, 14351, 14352, 14352, 14354, 14359, 14366, 14366, 14367, 14372, 14372, 14372, 14378, 14385, 14385, 14390, 14390, 14406, 14408, 14418, 14418, 14444, 14444, 14448, 14448, 14453, 14453, 14457, 14457, 14460, 14460, 14464, 14464, 14467, 14467, 14474, 14474, 14477, 14477, 14487, 14504, 14505, 14515, 14552, 14552, 14552, 14552, 14552, 14552, 14552, 14579, 14597, 14597, 14599, 14635, 14635, 14635, 14647, 14654, 14687, 14692, 14694, 14698, 14698, 14698, 14710, 14716, 14716, 14716, 14732, 14732, 14732, 14732, 14732, 14748, 14757, 14766, 14767, 14773, 14780, 14816, 14826, 14839, 14839, 14840, 14853, 14853, 14864, 14864, 14864, 14864, 14864, 14864, 14869, 14878, 14885, 14885, 14890, 14914, 14921, 14921, 14923, 14923, 14923, 14938, 14957, 14957, 14988, 15033, 15041, 15043, 15043, 15043, 15043, 15043, 15043, 15057, 15084, 15137, 15140, 15143, 15160, 15165, 15166, 15166, 15166, 15166, 15187, 15194, 15200, 15206, 15226, 15239, 15267, 15284, 15310, 15344, 15344, 15344, 15369, 15369, 15384, 15394, 15394, 15405, 15405, 15437, 15439, 15439, 15442, 15444, 15444, 15445, 15450, 15460, 15470, 15485, 15485, 15485, 15485, 15485, 15532, 15532, 15549, 15551, 15555, 15556, 15556, 15576, 15584, 15604, 15611, 15611, 15625, 15625, 15671, 15675, 15686, 15700, 15731, 15738, 15739, 15743, 15744, 15744, 15750, 15750, 15806, 15806, 15806, 15816, 15816, 15816, 15816, 15816, 15816, 15816, 15816, 15816, 15818, 15828, 15856, 15871, 15871, 15871, 15871, 15891, 15891, 15891, 15891, 15891, 15891, 15917, 15917, 15917, 15932, 15948, 15950, 15951, 15951, 15953, 15953, 15953, 15953, 15953, 15953, 15953, 15953, 15960, 15960, 15960, 15960, 15960, 15960, 15973, 15975, 15975, 15975, 15975, 15975, 15975, 15975, 15976, 15977, 15987, 15987, 15987, 15987, 15987, 15987, 15987, 15987, 15988, 15989, 15989, 15990, 15996, 15996, 15999, 15999, 15999, 16005, 16005, 16005, 16010, 16032, 16038, 16038, 16038, 16053, 16053, 16053, 16053, 16071, 16072, 16074, 16074, 16074, 16074, 16079, 16079, 16079, 16079, 16082, 16087, 16087, 16088, 16089, 16093, 16095, 16096, 16096, 16096, 16097, 16102, 16105, 16105, 16112, 16115, 16115, 16115, 16127, 16127, 16128, 16129, 16129, 16143, 16168, 16179, 16180, 16180, 16180, 16187, 16190, 16192, 16192, 16194, 16198, 16198, 16200, 16200, 16212, 16213, 16213, 16216, 16216, 16249, 16255, 16255, 16265, 16265, 16265, 16271, 16306, 16335, 16335, 16352, 16356, 16356, 16356, 16382, 16382, 16395, 16402, 16501, 16525, 16525, 16525, 16525, 16525, 16526, 16526, 16544, 16550, 16555, 16565, 16573, 16607, 16607, 16636, 16636, 16636, 16649, 16649, 16681, 16682, 16731, 16739, 16739, 16745, 16747, 16748, 16752, 16773, 16774, 16778, 16780, 16784, 16787, 16792, 16794, 16833, 16856, 16864, 16908, 16935, 16951, 16951, 16957, 16975, 16980, 16980, 16996, 17000, 17003, 17007, 17023, 17023, 17023, 17036, 17036, 17036, 17036, 17036, 17036, 17040, 17043, 17047, 17051, 17069, 17071, 17072, 17074, 17075, 17076, 17077, 17078, 17083, 17083, 17090, 17090, 17092, 17094, 17097, 17097, 17099, 17119, 17123, 17127, 17139, 17139, 17140, 17141, 17142, 17145, 17149, 17149, 17156, 17156, 17156, 17156, 17156, 17173, 17193, 17200, 17200, 17201, 17201, 17201, 17202, 17203, 17205, 17205, 17205, 17211, 17216, 17218, 17226, 17226, 17226, 17226, 17227, 17232, 17239, 17241, 17245, 17256, 17261, 17263, 17268, 17269, 17269, 17269, 17270, 17274, 17277, 17279, 17280, 17283, 17283, 17283, 17288, 17291, 17295, 17296, 17296, 17299, 17302, 17302, 17305, 17307, 17312, 17314, 17316, 17319, 17319, 17325, 17325, 17325, 17325, 17330, 17341, 17348, 17350, 17350, 17351, 17358, 17358, 17363, 17363, 17366, 17366, 17367, 17368, 17376, 17386, 17390, 17390, 17392, 17395, 17396, 17396, 17396, 17397, 17399, 17400, 17423, 17423, 17423, 17423, 17429, 17433, 17450, 17450, 17450, 17453, 17456, 17456, 17456, 17461, 17473, 17479, 17490, 17490, 17490, 17490, 17490, 17490, 17490, 17490, 17490, 17492, 17497, 17509, 17512, 17512, 17512, 17515, 17521, 17521, 17521, 17574, 17574, 17598, 17598, 17620, 17634, 17634, 17634, 17648, 17654, 17658, 17658, 17669, 17701, 17707, 17707, 17714, 17771, 17776, 17778, 17778, 17778, 17801, 17812, 17837, 17863, 17866, 17870, 17871, 17871, 17874, 17874, 17876, 17876, 17888, 17888, 17890, 17890, 17895, 17902, 17910, 17912, 17923, 17928, 17930, 17934, 17935, 17940, 17943, 17946, 17947, 17948, 17953, 17980, 17990, 17990, 18031, 18035, 18044, 18046, 18071, 18086, 18086, 18086, 18086, 18110, 18146, 18146, 18146, 18148, 18148, 18154, 18198, 18220, 18273, 18274, 18274, 18306, 18328, 18345, 18360, 18371, 18373, 18373, 18378, 18383, 18384, 18397, 18399, 18404, 18409, 18412, 18416, 18420, 18427, 18460, 18523, 18542, 18556, 18597, 18604, 18604, 18604, 18616, 18616, 18616, 18616, 18616, 18621, 18653, 18653, 18663, 18672, 18672, 18851, 18865, 18904, 18904, 18904, 18904, 18904, 18904, 18904, 18904, 18904, 18924, 18924, 18933, 18933, 18946, 18954, 18984, 19028, 19028, 19028, 19034, 19040, 19064, 19064, 19083, 19087, 19087, 19091, 19091, 19098, 19128, 19134, 19139, 19145, 19145, 19147, 19169, 19169, 19191, 19199, 19241, 19245, 19266, 19266, 19276, 19284, 19285, 19294, 19294, 19294, 19294, 19294, 19319, 19319, 19353, 19355, 19367, 19368, 19373, 19373, 19373, 19373, 19377, 19392, 19392, 19397, 19397, 19398, 19398, 19401, 19403, 19405, 19405, 19416, 19418, 19431, 19432, 19471, 19471, 19473, 19478, 19478, 19478, 19483, 19483, 19483, 19483, 19484, 19490, 19506, 19529, 19532, 19536, 19536, 19536, 19536, 19536, 19544, 19544, 19544, 19544, 19546, 19553, 19575, 19588, 19589, 19589, 19591, 19604, 19607, 19607, 19618, 19623, 19623, 19652, 19656, 19673, 19673, 19715, 19721, 19721, 19721, 19733, 19781, 19825, 19844, 19882, 19897, 19898, 19906, 20004, 20028, 20038, 20048, 20048, 20099, 20109, 20123, 20127, 20159, 20196, 20196, 20202, 20232, 20259, 20335, 20382, 20396, 20459, 20462, 20500, 20501, 20532, 20621, 20649, 20662, 20704, 20741, 20744, 20748, 20773, 20773, 20782, 20787, 20805, 20806, 20823, 20860, 20860, 20860, 20868, 20868, 20870, 20897, 20907, 20925, 20925, 20987, 21019, 21024, 21120, 21131, 21150, 21197, 21277, 21321, 21321, 21335, 21340, 21340, 21340, 21340, 21340, 21340, 21340, 21395, 21419, 21433, 21433, 21473, 21491, 21491, 21493, 21512, 21513, 21532, 21539, 21556, 21557, 21563, 21566, 21570, 21570, 21570, 21570, 21570]
